<?xml version="1.0" encoding="utf-8"?>
<COLLADA xmlns="http://www.collada.org/2005/11/COLLADASchema" version="1.4.1">
  <asset><contributor><author>Mixamo</author><authoring_tool>COLLADA Mixamo exporter</authoring_tool><comments></comments></contributor><created>2020-04-16T11:54:40Z</created><modified>2020-04-16T11:54:40Z</modified><revision></revision><title></title><unit meter="0.010000"/><up_axis>Y_UP</up_axis></asset>
  <library_animations>
    <animation id="Hips-anim" name="Hips"><source id="Hips-Matrix-animation-input"><float_array id="Hips-Matrix-animation-input-array" count="78">

0.000000 0.033333 0.066667 0.100000 0.133333 0.166667 0.200000 0.233333 0.266667 0.300000 0.333333 0.366667 0.400000 0.433333 0.466667 0.500000
0.533333 0.566667 0.600000 0.633333 0.666667 0.700000 0.733333 0.766667 0.800000 0.833333 0.866667 0.900000 0.933333 0.966667 1.000000 1.033333
1.066667 1.100000 1.133333 1.166667 1.200000 1.233333 1.266667 1.300000 1.333333 1.366667 1.400000 1.433333 1.466667 1.500000 1.533333 1.566667
1.600000 1.633333 1.666667 1.700000 1.733333 1.766667 1.800000 1.833333 1.866667 1.900000 1.933333 1.966667 2.000000 2.033333 2.066667 2.100000
2.133333 2.166667 2.200000 2.233333 2.266667 2.300000 2.333333 2.366667 2.400000 2.433333 2.466667 2.500000 2.533333 2.566667</float_array><technique_common><accessor source="#Hips-Matrix-animation-input-array" count="78"><param name="TIME" type="float"/></accessor></technique_common></source><source id="Hips-Matrix-animation-output-transform"><float_array id="Hips-Matrix-animation-output-transform-array" count="1248">

0.961626 0.028111 -0.272920 -0.351507 -0.026030 0.999598 0.011244 91.635880 0.273126 -0.003709 0.961971 0.822910 0.000000 0.000000 0.000000 1.000000
0.962169 0.027809 -0.271032 -0.260956 -0.025601 0.999604 0.011680 91.580185 0.271250 -0.004299 0.962499 0.878929 0.000000 0.000000 0.000000 1.000000
0.962505 0.027441 -0.269871 -0.109369 -0.024828 0.999606 0.013094 91.515739 0.270124 -0.005902 0.962808 0.953727 0.000000 0.000000 0.000000 1.000000
0.961902 0.026493 -0.272109 0.176463 -0.023244 0.999615 0.015160 91.439705 0.272406 -0.008257 0.962147 1.031854 0.000000 0.000000 0.000000 1.000000
0.959805 0.024421 -0.279604 0.673624 -0.020486 0.999646 0.016987 91.338257 0.279920 -0.010577 0.959965 1.085765 0.000000 0.000000 0.000000 1.000000
0.956064 0.020605 -0.292432 1.444499 -0.016274 0.999719 0.017236 91.187805 0.292705 -0.011719 0.956131 1.083110 0.000000 0.000000 0.000000 1.000000
0.951739 0.013322 -0.306619 2.468022 -0.009560 0.999860 0.013769 90.968399 0.306759 -0.010173 0.951733 1.000057 0.000000 0.000000 0.000000 1.000000
0.948956 0.004637 -0.315376 3.509989 -0.002554 0.999972 0.007016 90.751678 0.315399 -0.005853 0.948941 0.850303 0.000000 0.000000 0.000000 1.000000
0.950088 0.002266 -0.311975 4.312724 -0.002105 0.999997 0.000853 90.613503 0.311976 -0.000154 0.950090 0.657087 0.000000 0.000000 0.000000 1.000000
0.956442 0.013083 -0.291629 4.685227 -0.013897 0.999903 -0.000717 90.578629 0.291592 0.004739 0.956531 0.478861 0.000000 0.000000 0.000000 1.000000
0.966641 0.040836 -0.252860 4.533800 -0.041089 0.999146 0.004281 90.612015 0.252819 0.006251 0.967493 0.406366 0.000000 0.000000 0.000000 1.000000
0.975362 0.082797 -0.204484 3.891404 -0.081631 0.996562 0.014148 90.634842 0.204952 0.002892 0.978768 0.548027 0.000000 0.000000 0.000000 1.000000
0.976524 0.131826 -0.170362 2.886769 -0.129440 0.991270 0.025090 90.561363 0.172183 -0.002449 0.985062 0.865158 0.000000 0.000000 0.000000 1.000000
0.969580 0.182839 -0.162742 1.671404 -0.179383 0.983127 0.035810 90.401749 0.166543 -0.005528 0.986019 1.251736 0.000000 0.000000 0.000000 1.000000
0.956507 0.231109 -0.177997 0.427855 -0.226588 0.972922 0.045606 90.188934 0.183717 -0.003291 0.982974 1.601870 0.000000 0.000000 0.000000 1.000000
0.941473 0.272449 -0.198496 -0.653974 -0.267734 0.962155 0.050755 89.959694 0.204812 0.005360 0.978787 1.831542 0.000000 0.000000 0.000000 1.000000
0.929183 0.308065 -0.204243 -1.468883 -0.305185 0.951169 0.046263 89.724747 0.208522 0.019345 0.977826 1.900082 0.000000 0.000000 0.000000 1.000000
0.919194 0.340554 -0.197750 -2.085724 -0.340618 0.939558 0.034775 89.427750 0.197640 0.035392 0.979636 1.858231 0.000000 0.000000 0.000000 1.000000
0.909953 0.370232 -0.186853 -2.519039 -0.373233 0.927518 0.020189 89.094276 0.180784 0.051369 0.982180 1.767293 0.000000 0.000000 0.000000 1.000000
0.900977 0.396389 -0.176399 -2.776584 -0.401790 0.915715 0.005531 88.771423 0.163724 0.065892 0.984303 1.655133 0.000000 0.000000 0.000000 1.000000
0.893056 0.418013 -0.166481 -2.873676 -0.425229 0.905045 -0.008604 88.514656 0.147076 0.078477 0.986007 1.510679 0.000000 0.000000 0.000000 1.000000
0.887912 0.434510 -0.151041 -2.894656 -0.442931 0.896187 -0.025698 88.375175 0.124195 0.089718 0.988193 1.304607 0.000000 0.000000 0.000000 1.000000
0.884654 0.448203 -0.128454 -2.892091 -0.456968 0.888185 -0.048041 88.375298 0.092559 0.101199 0.990551 1.055678 0.000000 0.000000 0.000000 1.000000
0.881671 0.460489 -0.102987 -2.830334 -0.468522 0.880253 -0.075110 88.460251 0.056068 0.114474 0.991843 0.783620 0.000000 0.000000 0.000000 1.000000
0.878101 0.471760 -0.079887 -2.672193 -0.478054 0.872024 -0.105065 88.562492 0.020098 0.130448 0.991251 0.504126 0.000000 0.000000 0.000000 1.000000
0.874207 0.481368 -0.063611 -2.403084 -0.485445 0.863713 -0.135437 88.622894 -0.010254 0.149280 0.988742 0.226327 0.000000 0.000000 0.000000 1.000000
0.870973 0.488279 -0.054671 -2.080114 -0.490163 0.855843 -0.165147 88.636154 -0.033848 0.170637 0.984752 -0.050013 0.000000 0.000000 0.000000 1.000000
0.867752 0.494526 -0.049506 -1.762661 -0.494048 0.847476 -0.194167 88.618347 -0.054066 0.192947 0.979718 -0.328216 0.000000 0.000000 0.000000 1.000000
0.863962 0.501496 -0.045507 -1.464131 -0.498155 0.837996 -0.222717 88.593117 -0.073558 0.215089 0.973820 -0.610421 0.000000 0.000000 0.000000 1.000000
0.859596 0.509303 -0.041289 -1.178293 -0.502328 0.827486 -0.250866 88.593803 -0.093601 0.236384 0.967141 -0.889341 0.000000 0.000000 0.000000 1.000000
0.855311 0.516808 -0.036775 -0.886536 -0.505465 0.816736 -0.278295 88.654488 -0.113789 0.256618 0.959791 -1.148910 0.000000 0.000000 0.000000 1.000000
0.851701 0.522933 -0.033852 -0.573740 -0.507260 0.806516 -0.303677 88.768715 -0.131500 0.275814 0.952174 -1.373331 0.000000 0.000000 0.000000 1.000000
0.849148 0.527040 -0.034285 -0.234702 -0.508059 0.797381 -0.325668 88.870949 -0.144302 0.293960 0.944862 -1.570363 0.000000 0.000000 0.000000 1.000000
0.848545 0.527723 -0.038462 0.123804 -0.507244 0.790619 -0.342965 88.945503 -0.150582 0.310531 0.938560 -1.749182 0.000000 0.000000 0.000000 1.000000
0.850268 0.524357 -0.045764 0.486091 -0.504478 0.787046 -0.355050 89.004250 -0.150154 0.324974 0.933727 -1.915596 0.000000 0.000000 0.000000 1.000000
0.854022 0.517336 -0.054862 0.831970 -0.499847 0.786739 -0.362209 89.076447 -0.144222 0.336756 0.930481 -2.071486 0.000000 0.000000 0.000000 1.000000
0.859193 0.507594 -0.064307 1.157232 -0.493666 0.789388 -0.364911 89.167671 -0.134463 0.345275 0.928819 -2.218936 0.000000 0.000000 0.000000 1.000000
0.865162 0.496273 -0.072162 1.451818 -0.485948 0.794072 -0.365108 89.267090 -0.123891 0.350945 0.928164 -2.370816 0.000000 0.000000 0.000000 1.000000
0.871397 0.484209 -0.078793 1.685376 -0.477462 0.800197 -0.362924 89.371513 -0.112681 0.353872 0.928481 -2.501848 0.000000 0.000000 0.000000 1.000000
0.877313 0.472169 -0.085898 1.832177 -0.469423 0.807044 -0.358221 89.478889 -0.099818 0.354595 0.929677 -2.589758 0.000000 0.000000 0.000000 1.000000
0.882305 0.460813 -0.095863 1.881412 -0.463165 0.813775 -0.351067 89.585609 -0.083765 0.354148 0.931430 -2.631277 0.000000 0.000000 0.000000 1.000000
0.886064 0.450401 -0.109679 1.869299 -0.459054 0.819612 -0.342790 89.673141 -0.064499 0.354082 0.932988 -2.692801 0.000000 0.000000 0.000000 1.000000
0.889268 0.440178 -0.124282 1.832592 -0.455131 0.824637 -0.335902 89.740402 -0.045370 0.355271 0.933662 -2.859011 0.000000 0.000000 0.000000 1.000000
0.893139 0.428451 -0.136868 1.776257 -0.448880 0.829825 -0.331508 89.808037 -0.028458 0.357520 0.933472 -3.142123 0.000000 0.000000 0.000000 1.000000
0.898686 0.413196 -0.147080 1.702794 -0.438399 0.836323 -0.329196 89.908943 -0.013016 0.360324 0.932737 -3.507501 0.000000 0.000000 0.000000 1.000000
0.906189 0.392507 -0.157354 1.616823 -0.422850 0.844982 -0.327419 90.078194 0.004447 0.363240 0.931685 -3.890274 0.000000 0.000000 0.000000 1.000000
0.914462 0.365885 -0.172879 1.530370 -0.403653 0.855015 -0.325597 90.317978 0.028683 0.367530 0.929569 -4.259315 0.000000 0.000000 0.000000 1.000000
0.920963 0.338590 -0.192831 1.389965 -0.385636 0.862887 -0.326667 90.546127 0.055785 0.375210 0.925260 -4.648654 0.000000 0.000000 0.000000 1.000000
0.924688 0.314540 -0.214517 1.146728 -0.371901 0.866845 -0.332068 90.694328 0.081504 0.386838 0.918539 -5.086880 0.000000 0.000000 0.000000 1.000000
0.926044 0.294288 -0.236300 0.796791 -0.362542 0.867657 -0.340197 90.744469 0.104911 0.400706 0.910180 -5.571634 0.000000 0.000000 0.000000 1.000000
0.926247 0.274741 -0.258038 0.387715 -0.354268 0.868325 -0.347141 90.730171 0.128687 0.412953 0.901615 -6.063723 0.000000 0.000000 0.000000 1.000000
0.927074 0.249709 -0.279607 0.013576 -0.340453 0.873041 -0.349129 90.707535 0.156928 0.418861 0.894387 -6.484650 0.000000 0.000000 0.000000 1.000000
0.929374 0.217256 -0.298435 -0.272873 -0.317830 0.882136 -0.347591 90.634064 0.187744 0.417894 0.888885 -6.744339 0.000000 0.000000 0.000000 1.000000
0.931995 0.179582 -0.314856 -0.440897 -0.288321 0.893722 -0.343704 90.475258 0.219671 0.411110 0.884722 -6.789890 0.000000 0.000000 0.000000 1.000000
0.933275 0.140521 -0.330532 -0.477454 -0.256103 0.905584 -0.338125 90.231339 0.251811 0.400214 0.881147 -6.615004 0.000000 0.000000 0.000000 1.000000
0.931904 0.104654 -0.347278 -0.388844 -0.226221 0.916121 -0.330978 89.936203 0.283510 0.387001 0.877412 -6.256917 0.000000 0.000000 0.000000 1.000000
0.928851 0.074900 -0.362802 -0.219117 -0.200459 0.925201 -0.322210 89.608398 0.311532 0.372012 0.874388 -5.768037 0.000000 0.000000 0.000000 1.000000
0.925254 0.053165 -0.375603 0.018680 -0.179812 0.933298 -0.310842 89.337357 0.334024 0.355146 0.873097 -5.182524 0.000000 0.000000 0.000000 1.000000
0.921243 0.037233 -0.387201 0.310750 -0.162743 0.940995 -0.296721 89.174217 0.353306 0.336367 0.872944 -4.513373 0.000000 0.000000 0.000000 1.000000
0.916445 0.023284 -0.399483 0.644955 -0.146495 0.948525 -0.280785 89.149872 0.372382 0.315846 0.872681 -3.777973 0.000000 0.000000 0.000000 1.000000
0.910440 0.007351 -0.413577 1.004803 -0.127995 0.955777 -0.264777 89.276115 0.393341 0.293999 0.871118 -2.999910 0.000000 0.000000 0.000000 1.000000
0.904662 -0.010349 -0.426005 1.344102 -0.106493 0.962494 -0.249528 89.548958 0.412610 0.271105 0.869629 -2.202769 0.000000 0.000000 0.000000 1.000000
0.904138 -0.020692 -0.426739 1.458253 -0.087582 0.968638 -0.232529 89.953026 0.418167 0.247613 0.873970 -1.297888 0.000000 0.000000 0.000000 1.000000
0.907606 -0.024595 -0.419102 1.395821 -0.072095 0.974321 -0.213307 90.349899 0.413586 0.223814 0.882527 -0.488448 0.000000 0.000000 0.000000 1.000000
0.913492 -0.023185 -0.406196 1.209126 -0.060507 0.979531 -0.191985 90.653854 0.402333 0.199955 0.893391 0.104382 0.000000 0.000000 0.000000 1.000000
0.920922 -0.017039 -0.389374 0.928050 -0.053184 0.984205 -0.168856 90.856903 0.386101 0.176212 0.905470 0.487123 0.000000 0.000000 0.000000 1.000000
0.927837 -0.008827 -0.372881 0.652584 -0.048870 0.988224 -0.144997 90.984230 0.369770 0.152756 0.916480 0.677903 0.000000 0.000000 0.000000 1.000000
0.933560 -0.001035 -0.358421 0.425932 -0.045544 0.991547 -0.121488 91.086815 0.355517 0.129740 0.925621 0.748812 0.000000 0.000000 0.000000 1.000000
0.938406 0.005895 -0.345484 0.237271 -0.042681 0.994175 -0.098968 91.188026 0.342888 0.107618 0.933191 0.761743 0.000000 0.000000 0.000000 1.000000
0.942786 0.012032 -0.333180 0.068659 -0.040153 0.996172 -0.077646 91.294952 0.330970 0.086582 0.939661 0.758112 0.000000 0.000000 0.000000 1.000000
0.946991 0.017601 -0.320779 -0.092806 -0.038007 0.997624 -0.057464 91.401535 0.319005 0.066610 0.945409 0.755976 0.000000 0.000000 0.000000 1.000000
0.950916 0.022331 -0.308642 -0.237585 -0.036098 0.998588 -0.038966 91.500031 0.307336 0.048195 0.950380 0.755530 0.000000 0.000000 0.000000 1.000000
0.954292 0.025877 -0.297752 -0.351279 -0.034263 0.999149 -0.022977 91.581085 0.296904 0.032128 0.954367 0.757413 0.000000 0.000000 0.000000 1.000000
0.957050 0.028262 -0.288543 -0.433499 -0.032413 0.999428 -0.009617 91.642883 0.288106 0.018556 0.957419 0.758281 0.000000 0.000000 0.000000 1.000000
0.959139 0.029557 -0.281386 -0.481485 -0.030536 0.999533 0.000903 91.683563 0.281282 0.007726 0.959594 0.758530 0.000000 0.000000 0.000000 1.000000
0.960512 0.029845 -0.276634 -0.488889 -0.028714 0.999555 0.008140 91.700348 0.276753 0.000125 0.960941 0.762731 0.000000 0.000000 0.000000 1.000000
0.961087 0.029181 -0.274701 -0.451540 -0.027193 0.999569 0.011042 91.689735 0.274904 -0.003143 0.961466 0.773666 0.000000 0.000000 0.000000 1.000000
0.961463 0.028462 -0.273459 -0.387825 -0.026332 0.999588 0.011457 91.656532 0.273672 -0.003814 0.961816 0.803951 0.000000 0.000000 0.000000 1.000000</float_array><technique_common><accessor source="#Hips-Matrix-animation-output-transform-array" count="78" stride="16"><param type="float4x4"/></accessor></technique_common></source><source id="Hips-Interpolations"><Name_array id="Hips-Interpolations-array" count="78">
 LINEAR LINEAR LINEAR LINEAR LINEAR LINEAR LINEAR LINEAR LINEAR LINEAR LINEAR
LINEAR LINEAR LINEAR LINEAR LINEAR LINEAR LINEAR LINEAR LINEAR LINEAR LINEAR LINEAR
LINEAR LINEAR LINEAR LINEAR LINEAR LINEAR LINEAR LINEAR LINEAR LINEAR LINEAR LINEAR
LINEAR LINEAR LINEAR LINEAR LINEAR LINEAR LINEAR LINEAR LINEAR LINEAR LINEAR LINEAR
LINEAR LINEAR LINEAR LINEAR LINEAR LINEAR LINEAR LINEAR LINEAR LINEAR LINEAR LINEAR
LINEAR LINEAR LINEAR LINEAR LINEAR LINEAR LINEAR LINEAR LINEAR LINEAR LINEAR LINEAR
LINEAR LINEAR LINEAR LINEAR LINEAR LINEAR LINEAR</Name_array><technique_common><accessor source="#Hips-Interpolations-array" count="78"><param type="name"/></accessor></technique_common></source><sampler id="Hips-Matrix-animation-transform"><input semantic="INPUT" source="#Hips-Matrix-animation-input"/><input semantic="OUTPUT" source="#Hips-Matrix-animation-output-transform"/><input semantic="INTERPOLATION" source="#Hips-Interpolations"/></sampler><channel source="#Hips-Matrix-animation-transform" target="Hips/matrix"/></animation>
    <animation id="Spine-anim" name="Spine"><source id="Spine-Matrix-animation-input"><float_array id="Spine-Matrix-animation-input-array" count="78">

0.000000 0.033333 0.066667 0.100000 0.133333 0.166667 0.200000 0.233333 0.266667 0.300000 0.333333 0.366667 0.400000 0.433333 0.466667 0.500000
0.533333 0.566667 0.600000 0.633333 0.666667 0.700000 0.733333 0.766667 0.800000 0.833333 0.866667 0.900000 0.933333 0.966667 1.000000 1.033333
1.066667 1.100000 1.133333 1.166667 1.200000 1.233333 1.266667 1.300000 1.333333 1.366667 1.400000 1.433333 1.466667 1.500000 1.533333 1.566667
1.600000 1.633333 1.666667 1.700000 1.733333 1.766667 1.800000 1.833333 1.866667 1.900000 1.933333 1.966667 2.000000 2.033333 2.066667 2.100000
2.133333 2.166667 2.200000 2.233333 2.266667 2.300000 2.333333 2.366667 2.400000 2.433333 2.466667 2.500000 2.533333 2.566667</float_array><technique_common><accessor source="#Spine-Matrix-animation-input-array" count="78"><param name="TIME" type="float"/></accessor></technique_common></source><source id="Spine-Matrix-animation-output-transform"><float_array id="Spine-Matrix-animation-output-transform-array" count="1248">

0.999751 -0.004621 0.021814 -0.000000 0.006047 0.997817 -0.065758 10.993800 -0.021463 0.065874 0.997597 0.920600 0.000000 0.000000 0.000000 1.000000
0.999756 -0.006370 0.021167 -0.000000 0.007747 0.997813 -0.065642 10.993800 -0.020703 0.065790 0.997619 0.920600 0.000000 0.000000 0.000000 1.000000
0.999744 -0.008852 0.020822 0.000000 0.010208 0.997770 -0.065962 10.993800 -0.020191 0.066157 0.997605 0.920600 0.000000 0.000000 0.000000 1.000000
0.999684 -0.012342 0.021895 0.000000 0.013779 0.997675 -0.066744 10.993800 -0.021020 0.067025 0.997530 0.920600 0.000000 0.000000 0.000000 1.000000
0.999528 -0.016850 0.025706 0.000000 0.018567 0.997505 -0.068104 10.993800 -0.024495 0.068549 0.997347 0.920600 0.000000 0.000000 0.000000 1.000000
0.999204 -0.022265 0.033088 0.000000 0.024548 0.997227 -0.070260 10.993800 -0.031432 0.071016 0.996980 0.920600 0.000000 0.000000 0.000000 1.000000
0.998704 -0.029137 0.041739 0.000000 0.032147 0.996788 -0.073352 10.993800 -0.039467 0.074599 0.996432 0.920600 0.000000 0.000000 0.000000 1.000000
0.998362 -0.038353 0.042458 0.000000 0.041552 0.996148 -0.077222 10.993800 -0.039333 0.078859 0.996110 0.920600 0.000000 0.000000 0.000000 1.000000
0.998459 -0.047375 0.028897 0.000000 0.049564 0.995527 -0.080429 10.993800 -0.024957 0.081738 0.996341 0.920600 0.000000 0.000000 0.000000 1.000000
0.998718 -0.050571 0.002273 0.000000 0.050588 0.995381 -0.081591 10.993800 0.001864 0.081601 0.996663 0.920600 0.000000 0.000000 0.000000 1.000000
0.998777 -0.040350 -0.028580 0.000000 0.037974 0.996128 -0.079287 10.993800 0.031668 0.078105 0.996442 0.920600 0.000000 0.000000 0.000000 1.000000
0.998557 -0.012737 -0.052173 0.000000 0.008770 0.997103 -0.075557 10.993800 0.052984 0.074991 0.995776 0.920600 0.000000 0.000000 0.000000 1.000000
0.997660 0.022692 -0.064499 0.000000 -0.027266 0.997108 -0.070939 10.993800 0.062702 0.072531 0.995393 0.920600 0.000000 0.000000 0.000000 1.000000
0.996080 0.060097 -0.064911 0.000000 -0.064298 0.995831 -0.064695 10.993800 0.060753 0.068615 0.995792 0.920600 0.000000 0.000000 0.000000 1.000000
0.993869 0.095525 -0.055670 0.000000 -0.098699 0.993463 -0.057354 10.993800 0.049827 0.062497 0.996801 0.920600 0.000000 0.000000 0.000000 1.000000
0.991066 0.126676 -0.041731 0.000000 -0.128714 0.990400 -0.050409 10.993800 0.034945 0.055330 0.997856 0.920600 0.000000 0.000000 0.000000 1.000000
0.988101 0.150867 -0.029917 0.000000 -0.152117 0.987329 -0.045178 10.993800 0.022722 0.049191 0.998531 0.920600 0.000000 0.000000 0.000000 1.000000
0.984975 0.171123 -0.023267 -0.000000 -0.171962 0.984260 -0.040763 10.993800 0.015925 0.044151 0.998898 0.920600 0.000000 0.000000 0.000000 1.000000
0.981976 0.187834 -0.021025 0.000000 -0.188501 0.981404 -0.036236 10.993800 0.013827 0.039546 0.999122 0.920600 0.000000 0.000000 0.000000 1.000000
0.979353 0.201087 -0.020780 0.000000 -0.201678 0.978932 -0.031905 10.993800 0.013927 0.035437 0.999275 0.920600 0.000000 0.000000 0.000000 1.000000
0.977264 0.211130 -0.019476 0.000000 -0.211640 0.976900 -0.029562 10.993800 0.012784 0.033011 0.999373 0.920600 0.000000 0.000000 0.000000 1.000000
0.975522 0.219325 -0.015937 -0.000000 -0.219747 0.974998 -0.033014 10.993800 0.008298 0.035708 0.999328 0.920600 0.000000 0.000000 0.000000 1.000000
0.973747 0.227395 -0.010417 -0.000000 -0.227632 0.972862 -0.041507 10.993800 0.000696 0.042789 0.999084 0.920600 0.000000 0.000000 0.000000 1.000000
0.971619 0.236546 -0.001799 0.000000 -0.236312 0.970259 -0.052488 10.993800 -0.010670 0.051423 0.998620 0.920600 0.000000 0.000000 0.000000 1.000000
0.969001 0.246859 0.009874 0.000000 -0.245759 0.967232 -0.063753 10.993800 -0.025289 0.059350 0.997917 0.920600 0.000000 0.000000 0.000000 1.000000
0.966076 0.257229 0.023031 -0.000000 -0.254948 0.964127 -0.073902 10.993800 -0.041214 0.065524 0.997000 0.920600 0.000000 0.000000 0.000000 1.000000
0.963408 0.265833 0.034309 0.000000 -0.262348 0.961434 -0.082571 10.993800 -0.054936 0.070548 0.995994 0.920600 0.000000 0.000000 0.000000 1.000000
0.961367 0.271999 0.042311 0.000000 -0.267490 0.959379 -0.089677 10.993800 -0.064984 0.074895 0.995072 0.920600 0.000000 0.000000 0.000000 1.000000
0.960173 0.275450 0.046852 0.000000 -0.270137 0.958009 -0.096153 10.993800 -0.071370 0.079667 0.994263 0.920600 0.000000 0.000000 0.000000 1.000000
0.959650 0.276969 0.048586 0.000000 -0.270987 0.957031 -0.103238 10.993800 -0.075092 0.085906 0.993469 0.920600 0.000000 0.000000 0.000000 1.000000
0.959313 0.278100 0.048775 0.000000 -0.271424 0.955923 -0.111983 10.993800 -0.077767 0.094188 0.992512 0.920600 0.000000 0.000000 0.000000 1.000000
0.959029 0.279090 0.048707 0.000000 -0.271668 0.954707 -0.121374 10.993800 -0.080375 0.103169 0.991411 0.920600 0.000000 0.000000 0.000000 1.000000
0.959050 0.278950 0.049096 -0.000000 -0.270819 0.953884 -0.129473 10.993800 -0.082948 0.110875 0.990367 0.920600 0.000000 0.000000 0.000000 1.000000
0.959283 0.278096 0.049377 0.000000 -0.269370 0.953362 -0.136165 10.993800 -0.084941 0.117320 0.989455 0.920600 0.000000 0.000000 0.000000 1.000000
0.959569 0.277161 0.049088 0.000000 -0.267967 0.952897 -0.142057 10.993800 -0.086149 0.123159 0.988641 0.920600 0.000000 0.000000 0.000000 1.000000
0.959764 0.276644 0.048173 0.000000 -0.267043 0.952240 -0.148079 10.993800 -0.086837 0.129256 0.987802 0.920600 0.000000 0.000000 0.000000 1.000000
0.960034 0.275862 0.047266 -0.000000 -0.265836 0.951585 -0.154329 10.993800 -0.087551 0.135596 0.986888 0.920600 0.000000 0.000000 0.000000 1.000000
0.960611 0.274064 0.045999 0.000000 -0.263733 0.951245 -0.159928 10.993800 -0.087587 0.141497 0.986056 0.920600 0.000000 0.000000 0.000000 1.000000
0.961447 0.271380 0.044416 0.000000 -0.260921 0.951280 -0.164275 10.993800 -0.086833 0.146353 0.985414 0.920600 0.000000 0.000000 0.000000 1.000000
0.962375 0.268334 0.042791 0.000000 -0.257891 0.951590 -0.167240 10.993800 -0.085595 0.149912 0.984987 0.920600 0.000000 0.000000 0.000000 1.000000
0.963207 0.265545 0.041455 0.000000 -0.255170 0.951983 -0.169165 10.993800 -0.084386 0.152363 0.984715 0.920600 0.000000 0.000000 0.000000 1.000000
0.964117 0.262477 0.039790 0.000000 -0.252281 0.952512 -0.170513 10.993800 -0.082656 0.154356 0.984552 0.920600 0.000000 0.000000 0.000000 1.000000
0.965284 0.258508 0.037408 0.000000 -0.248560 0.953113 -0.172609 10.993800 -0.080275 0.157318 0.984280 0.920600 0.000000 0.000000 0.000000 1.000000
0.966644 0.253691 0.035205 0.000000 -0.243817 0.953563 -0.176838 10.993800 -0.078432 0.162356 0.983610 0.920600 0.000000 0.000000 0.000000 1.000000
0.967934 0.248852 0.034295 -0.000000 -0.238639 0.953546 -0.183852 10.993800 -0.078454 0.169772 0.982356 0.920600 0.000000 0.000000 0.000000 1.000000
0.968776 0.245371 0.035588 -0.000000 -0.234221 0.952782 -0.193254 10.993800 -0.081327 0.178885 0.980503 0.920600 0.000000 0.000000 0.000000 1.000000
0.968973 0.244082 0.038935 0.000000 -0.231508 0.951428 -0.202952 10.993800 -0.086581 0.187641 0.978414 0.920600 0.000000 0.000000 0.000000 1.000000
0.969494 0.241405 0.042490 0.000000 -0.227651 0.951046 -0.209011 10.993800 -0.090866 0.192962 0.976990 0.920600 0.000000 0.000000 0.000000 1.000000
0.971225 0.233820 0.045282 0.000000 -0.219688 0.952962 -0.208810 10.993800 -0.091975 0.192853 0.976907 0.920600 0.000000 0.000000 0.000000 1.000000
0.974141 0.220979 0.047080 -0.000000 -0.207302 0.957040 -0.202730 10.993800 -0.089857 0.187728 0.978102 0.920600 0.000000 0.000000 0.000000 1.000000
0.977350 0.206041 0.048321 0.000000 -0.193156 0.961765 -0.194159 10.993800 -0.086478 0.180428 0.979779 0.920600 0.000000 0.000000 0.000000 1.000000
0.979711 0.194297 0.049135 0.000000 -0.181982 0.965160 -0.188014 10.993800 -0.083953 0.175258 0.980937 0.920600 0.000000 0.000000 0.000000 1.000000
0.981223 0.186451 0.049374 0.000000 -0.174410 0.967016 -0.185638 10.993800 -0.082357 0.173541 0.981377 0.920600 0.000000 0.000000 0.000000 1.000000
0.982542 0.179375 0.049357 0.000000 -0.167444 0.968255 -0.185593 10.993800 -0.081081 0.174089 0.981386 0.920600 0.000000 0.000000 0.000000 1.000000
0.984291 0.169676 0.048804 0.000000 -0.157964 0.969801 -0.185834 10.993800 -0.078862 0.175206 0.981368 0.920600 0.000000 0.000000 0.000000 1.000000
0.986834 0.154866 0.046642 0.000000 -0.143853 0.972238 -0.184555 10.993800 -0.073929 0.175416 0.981715 0.920600 0.000000 0.000000 0.000000 1.000000
0.989918 0.135808 0.040236 -0.000000 -0.126373 0.975115 -0.182157 10.993800 -0.063973 0.175236 0.982446 0.920600 0.000000 0.000000 0.000000 1.000000
0.993098 0.112975 0.031512 -0.000000 -0.105548 0.978000 -0.179932 10.993800 -0.051147 0.175364 0.983174 0.920600 0.000000 0.000000 0.000000 1.000000
0.995858 0.088030 0.022756 -0.000000 -0.082670 0.980833 -0.176445 10.993800 -0.037852 0.173832 0.984047 0.920600 0.000000 0.000000 0.000000 1.000000
0.997883 0.063105 0.015704 0.000000 -0.059532 0.983658 -0.169923 10.993800 -0.026170 0.168628 0.985332 0.920600 0.000000 0.000000 0.000000 1.000000
0.999118 0.040419 0.011424 0.000000 -0.038093 0.986546 -0.158984 10.993800 -0.017696 0.158408 0.987215 0.920600 0.000000 0.000000 0.000000 1.000000
0.999707 0.021490 0.011172 0.000000 -0.019657 0.989369 -0.144094 10.993800 -0.014150 0.143832 0.989501 0.920600 0.000000 0.000000 0.000000 1.000000
0.999870 0.006084 0.014951 -0.000000 -0.004158 0.992071 -0.125609 10.993800 -0.015597 0.125531 0.991967 0.920600 0.000000 0.000000 0.000000 1.000000
0.999784 -0.005390 0.020076 0.000000 0.007532 0.994106 -0.108154 10.993800 -0.019375 0.108282 0.993931 0.920600 0.000000 0.000000 0.000000 1.000000
0.999615 -0.012856 0.024605 0.000000 0.015128 0.995407 -0.094532 10.993800 -0.023277 0.094868 0.995218 0.920600 0.000000 0.000000 0.000000 1.000000
0.999477 -0.016786 0.027654 -0.000000 0.019080 0.996208 -0.084886 10.993800 -0.026125 0.085370 0.996007 0.920600 0.000000 0.000000 0.000000 1.000000
0.999428 -0.017654 0.028835 -0.000000 0.019896 0.996644 -0.079405 10.993800 -0.027337 0.079934 0.996425 0.920600 0.000000 0.000000 0.000000 1.000000
0.999437 -0.016657 0.029114 0.000000 0.018836 0.996910 -0.076262 10.993800 -0.027754 0.076768 0.996663 0.920600 0.000000 0.000000 0.000000 1.000000
0.999475 -0.014513 0.028974 0.000000 0.016632 0.997098 -0.074286 10.993800 -0.027812 0.074729 0.996816 0.920600 0.000000 0.000000 0.000000 1.000000
0.999520 -0.011822 0.028637 -0.000000 0.013879 0.997255 -0.072733 10.993800 -0.027699 0.073096 0.996940 0.920600 0.000000 0.000000 0.000000 1.000000
0.999564 -0.009064 0.028106 0.000000 0.011049 0.997394 -0.071292 10.993800 -0.027387 0.071572 0.997059 0.920600 0.000000 0.000000 0.000000 1.000000
0.999606 -0.006422 0.027339 0.000000 0.008323 0.997513 -0.069991 10.993800 -0.026821 0.070191 0.997173 0.920600 0.000000 0.000000 0.000000 1.000000
0.999637 -0.004215 0.026610 0.000000 0.006039 0.997609 -0.068851 10.993800 -0.026257 0.068987 0.997272 0.920600 0.000000 0.000000 0.000000 1.000000
0.999661 -0.002613 0.025905 -0.000000 0.004368 0.997680 -0.067935 10.993800 -0.025667 0.068025 0.997353 0.920600 0.000000 0.000000 0.000000 1.000000
0.999682 -0.001734 0.025147 0.000000 0.003423 0.997729 -0.067264 10.993800 -0.024973 0.067329 0.997418 0.920600 0.000000 0.000000 0.000000 1.000000
0.999704 -0.001661 0.024255 0.000000 0.003278 0.997761 -0.066802 10.993800 -0.024090 0.066862 0.997471 0.920600 0.000000 0.000000 0.000000 1.000000
0.999728 -0.002559 0.023195 0.000000 0.004096 0.997781 -0.066461 10.993800 -0.022973 0.066538 0.997519 0.920600 0.000000 0.000000 0.000000 1.000000
0.999745 -0.003888 0.022256 0.000000 0.005350 0.997805 -0.066009 10.993800 -0.021950 0.066111 0.997571 0.920600 0.000000 0.000000 0.000000 1.000000</float_array><technique_common><accessor source="#Spine-Matrix-animation-output-transform-array" count="78" stride="16"><param type="float4x4"/></accessor></technique_common></source><source id="Spine-Interpolations"><Name_array id="Spine-Interpolations-array" count="78">
 LINEAR LINEAR LINEAR LINEAR LINEAR LINEAR LINEAR LINEAR LINEAR LINEAR LINEAR
LINEAR LINEAR LINEAR LINEAR LINEAR LINEAR LINEAR LINEAR LINEAR LINEAR LINEAR LINEAR
LINEAR LINEAR LINEAR LINEAR LINEAR LINEAR LINEAR LINEAR LINEAR LINEAR LINEAR LINEAR
LINEAR LINEAR LINEAR LINEAR LINEAR LINEAR LINEAR LINEAR LINEAR LINEAR LINEAR LINEAR
LINEAR LINEAR LINEAR LINEAR LINEAR LINEAR LINEAR LINEAR LINEAR LINEAR LINEAR LINEAR
LINEAR LINEAR LINEAR LINEAR LINEAR LINEAR LINEAR LINEAR LINEAR LINEAR LINEAR LINEAR
LINEAR LINEAR LINEAR LINEAR LINEAR LINEAR LINEAR</Name_array><technique_common><accessor source="#Spine-Interpolations-array" count="78"><param type="name"/></accessor></technique_common></source><sampler id="Spine-Matrix-animation-transform"><input semantic="INPUT" source="#Spine-Matrix-animation-input"/><input semantic="OUTPUT" source="#Spine-Matrix-animation-output-transform"/><input semantic="INTERPOLATION" source="#Spine-Interpolations"/></sampler><channel source="#Spine-Matrix-animation-transform" target="Spine/matrix"/></animation>
    <animation id="Spine1-anim" name="Spine1"><source id="Spine1-Matrix-animation-input"><float_array id="Spine1-Matrix-animation-input-array" count="78">

0.000000 0.033333 0.066667 0.100000 0.133333 0.166667 0.200000 0.233333 0.266667 0.300000 0.333333 0.366667 0.400000 0.433333 0.466667 0.500000
0.533333 0.566667 0.600000 0.633333 0.666667 0.700000 0.733333 0.766667 0.800000 0.833333 0.866667 0.900000 0.933333 0.966667 1.000000 1.033333
1.066667 1.100000 1.133333 1.166667 1.200000 1.233333 1.266667 1.300000 1.333333 1.366667 1.400000 1.433333 1.466667 1.500000 1.533333 1.566667
1.600000 1.633333 1.666667 1.700000 1.733333 1.766667 1.800000 1.833333 1.866667 1.900000 1.933333 1.966667 2.000000 2.033333 2.066667 2.100000
2.133333 2.166667 2.200000 2.233333 2.266667 2.300000 2.333333 2.366667 2.400000 2.433333 2.466667 2.500000 2.533333 2.566667</float_array><technique_common><accessor source="#Spine1-Matrix-animation-input-array" count="78"><param name="TIME" type="float"/></accessor></technique_common></source><source id="Spine1-Matrix-animation-output-transform"><float_array id="Spine1-Matrix-animation-output-transform-array" count="1248">

0.999788 0.001030 0.020549 0.000000 -0.000124 0.999031 -0.044022 11.314000 -0.020574 0.044010 0.998819 0.660000 0.000000 0.000000 0.000000 1.000000
0.999797 -0.000272 0.020146 0.000000 0.001155 0.999038 -0.043845 11.314000 -0.020115 0.043860 0.998835 0.660000 0.000000 0.000000 0.000000 1.000000
0.999798 -0.002097 0.019997 0.000000 0.002976 0.999026 -0.044026 11.314000 -0.019886 0.044076 0.998830 0.660000 0.000000 0.000000 0.000000 1.000000
0.999768 -0.005110 0.020913 -0.000000 0.006041 0.998982 -0.044693 11.314000 -0.020663 0.044809 0.998782 0.660000 0.000000 0.000000 0.000000 1.000000
0.999668 -0.009721 0.023882 0.000000 0.010813 0.998881 -0.046051 11.314000 -0.023407 0.046294 0.998654 0.660000 0.000000 0.000000 0.000000 1.000000
0.999436 -0.015919 0.029554 0.000000 0.017336 0.998681 -0.048323 11.314000 -0.028746 0.048808 0.998394 0.660000 0.000000 0.000000 0.000000 1.000000
0.999082 -0.022924 0.036179 0.000000 0.024769 0.998372 -0.051387 11.314000 -0.034942 0.052236 0.998023 0.660000 0.000000 0.000000 0.000000 1.000000
0.998895 -0.029537 0.036559 0.000000 0.031517 0.997998 -0.054832 11.314000 -0.034867 0.055923 0.997826 0.660000 0.000000 0.000000 0.000000 1.000000
0.999107 -0.033464 0.025779 0.000000 0.034899 0.997742 -0.057385 11.314000 -0.023800 0.058234 0.998019 0.660000 0.000000 0.000000 0.000000 1.000000
0.999488 -0.031618 0.004940 0.000000 0.031852 0.997815 -0.057885 11.314000 -0.003099 0.058013 0.998311 0.660000 0.000000 0.000000 0.000000 1.000000
0.999607 -0.020752 -0.018834 0.000000 0.019675 0.998256 -0.055653 11.314000 0.019956 0.055261 0.998272 0.660000 0.000000 0.000000 0.000000 1.000000
0.999332 -0.000368 -0.036548 -0.000000 -0.001595 0.998559 -0.053643 11.314000 0.036515 0.053665 0.997891 0.660000 0.000000 0.000000 0.000000 1.000000
0.998715 0.022358 -0.045473 0.000000 -0.024734 0.998321 -0.052378 11.314000 0.044225 0.053436 0.997591 0.660000 0.000000 0.000000 0.000000 1.000000
0.998003 0.043667 -0.045636 0.000000 -0.045942 0.997690 -0.050042 11.314000 0.043346 0.052038 0.997704 0.660000 0.000000 0.000000 0.000000 1.000000
0.997298 0.062280 -0.038971 0.000000 -0.064053 0.996885 -0.046026 11.314000 0.035983 0.048398 0.998180 0.660000 0.000000 0.000000 0.000000 1.000000
0.996452 0.078989 -0.029049 0.000000 -0.080152 0.995925 -0.041331 11.314000 0.025666 0.043512 0.998723 0.660000 0.000000 0.000000 0.000000 1.000000
0.995304 0.094619 -0.020426 -0.000000 -0.095340 0.994725 -0.037853 11.314000 0.016736 0.039623 0.999075 0.660000 0.000000 0.000000 0.000000 1.000000
0.993884 0.109381 -0.015204 0.000000 -0.109853 0.993339 -0.034787 11.314000 0.011298 0.036244 0.999279 0.660000 0.000000 0.000000 0.000000 1.000000
0.992389 0.122425 -0.013249 0.000000 -0.122787 0.991939 -0.031295 11.314000 0.009311 0.032683 0.999422 0.660000 0.000000 0.000000 0.000000 1.000000
0.991026 0.133045 -0.012916 0.000000 -0.133361 0.990679 -0.027755 11.314000 0.009103 0.029228 0.999531 0.660000 0.000000 0.000000 0.000000 1.000000
0.989942 0.140989 -0.011695 0.000000 -0.141252 0.989634 -0.025931 11.314000 0.007918 0.027322 0.999595 0.660000 0.000000 0.000000 0.000000 1.000000
0.989119 0.146880 -0.008319 -0.000000 -0.147061 0.988711 -0.028685 11.314000 0.004012 0.029596 0.999554 0.660000 0.000000 0.000000 0.000000 1.000000
0.988342 0.152220 -0.003065 -0.000000 -0.152234 0.987732 -0.034787 11.314000 -0.002268 0.034848 0.999390 0.660000 0.000000 0.000000 0.000000 1.000000
0.987467 0.157751 0.004918 0.000000 -0.157410 0.986639 -0.042030 11.314000 -0.011482 0.040730 0.999104 0.660000 0.000000 0.000000 0.000000 1.000000
0.986398 0.163638 0.015517 0.000000 -0.162717 0.985467 -0.048771 11.314000 -0.023273 0.045582 0.998689 0.660000 0.000000 0.000000 0.000000 1.000000
0.985145 0.169535 0.027343 0.000000 -0.167886 0.984313 -0.054251 11.314000 -0.036112 0.048855 0.998153 0.660000 0.000000 0.000000 0.000000 1.000000
0.983839 0.175073 0.037567 0.000000 -0.172728 0.983227 -0.058569 11.314000 -0.047190 0.051134 0.997576 0.660000 0.000000 0.000000 0.000000 1.000000
0.982659 0.179889 0.044948 -0.000000 -0.176973 0.982253 -0.062120 11.314000 -0.055325 0.053088 0.997056 0.660000 0.000000 0.000000 0.000000 1.000000
0.981765 0.183605 0.049254 0.000000 -0.180249 0.981428 -0.065652 11.314000 -0.060393 0.055577 0.996626 0.660000 0.000000 0.000000 0.000000 1.000000
0.981148 0.186385 0.051084 0.000000 -0.182659 0.980689 -0.069895 11.314000 -0.063125 0.059247 0.996246 0.660000 0.000000 0.000000 0.000000 1.000000
0.980650 0.188830 0.051657 -0.000000 -0.184718 0.979901 -0.075320 11.314000 -0.064842 0.064321 0.995820 0.660000 0.000000 0.000000 0.000000 1.000000
0.980221 0.190939 0.052044 0.000000 -0.186412 0.979112 -0.081178 11.314000 -0.066457 0.069871 0.995340 0.660000 0.000000 0.000000 0.000000 1.000000
0.979964 0.192142 0.052465 0.000000 -0.187241 0.978519 -0.086261 11.314000 -0.067912 0.074709 0.994890 0.660000 0.000000 0.000000 0.000000 1.000000
0.979886 0.192491 0.052642 0.000000 -0.187275 0.978118 -0.090630 11.314000 -0.068935 0.078949 0.994492 0.660000 0.000000 0.000000 0.000000 1.000000
0.979938 0.192275 0.052462 -0.000000 -0.186792 0.977827 -0.094675 11.314000 -0.069502 0.082976 0.994125 0.660000 0.000000 0.000000 0.000000 1.000000
0.980039 0.191869 0.052062 0.000000 -0.186129 0.977541 -0.098840 11.314000 -0.069857 0.087177 0.993740 0.660000 0.000000 0.000000 0.000000 1.000000
0.980203 0.191159 0.051579 0.000000 -0.185176 0.977298 -0.102949 11.314000 -0.070088 0.091360 0.993348 0.660000 0.000000 0.000000 0.000000 1.000000
0.980526 0.189766 0.050574 0.000000 -0.183615 0.977188 -0.106720 11.314000 -0.069672 0.095355 0.993002 0.660000 0.000000 0.000000 0.000000 1.000000
0.980991 0.187714 0.049197 -0.000000 -0.181489 0.977242 -0.109818 11.314000 -0.068692 0.098802 0.992733 0.660000 0.000000 0.000000 0.000000 1.000000
0.981524 0.185262 0.047850 -0.000000 -0.179026 0.977437 -0.112098 11.314000 -0.067538 0.101460 0.992544 0.660000 0.000000 0.000000 0.000000 1.000000
0.982037 0.182752 0.046960 0.000000 -0.176511 0.977713 -0.113675 11.314000 -0.066688 0.103344 0.992408 0.660000 0.000000 0.000000 0.000000 1.000000
0.982610 0.179905 0.045959 -0.000000 -0.173685 0.978048 -0.115130 11.314000 -0.065663 0.105145 0.992287 0.660000 0.000000 0.000000 0.000000 1.000000
0.983304 0.176465 0.044421 0.000000 -0.170286 0.978392 -0.117270 11.314000 -0.064155 0.107748 0.992106 0.660000 0.000000 0.000000 0.000000 1.000000
0.984052 0.172603 0.043012 0.000000 -0.166373 0.978636 -0.120798 11.314000 -0.062943 0.111716 0.991745 0.660000 0.000000 0.000000 0.000000 1.000000
0.984694 0.169012 0.042585 0.000000 -0.162508 0.978600 -0.126227 11.314000 -0.063007 0.117374 0.991087 0.660000 0.000000 0.000000 0.000000 1.000000
0.985031 0.166710 0.043845 0.000000 -0.159589 0.978097 -0.133634 11.314000 -0.065163 0.124636 0.990060 0.660000 0.000000 0.000000 0.000000 1.000000
0.985009 0.166075 0.046659 0.000000 -0.158051 0.977217 -0.141658 11.314000 -0.069122 0.132160 0.988815 0.660000 0.000000 0.000000 0.000000 1.000000
0.985184 0.164244 0.049360 0.000000 -0.155519 0.976898 -0.146575 11.314000 -0.072294 0.136727 0.987967 0.660000 0.000000 0.000000 0.000000 1.000000
0.986034 0.158540 0.051000 0.000000 -0.149684 0.977902 -0.145957 11.314000 -0.073013 0.136284 0.987976 0.660000 0.000000 0.000000 0.000000 1.000000
0.987554 0.148597 0.051534 0.000000 -0.140171 0.980159 -0.140145 11.314000 -0.071337 0.131178 0.988789 0.660000 0.000000 0.000000 0.000000 1.000000
0.989274 0.136589 0.051768 0.000000 -0.128778 0.982818 -0.132231 11.314000 -0.068940 0.124147 0.989866 0.660000 0.000000 0.000000 0.000000 1.000000
0.990600 0.126360 0.052398 0.000000 -0.118918 0.984790 -0.126673 11.314000 -0.067607 0.119252 0.990560 0.660000 0.000000 0.000000 0.000000 1.000000
0.991505 0.118730 0.053106 0.000000 -0.111406 0.985964 -0.124350 11.314000 -0.067125 0.117378 0.990816 0.660000 0.000000 0.000000 0.000000 1.000000
0.992262 0.112137 0.053305 -0.000000 -0.104871 0.986765 -0.123679 11.314000 -0.066469 0.117132 0.990890 0.660000 0.000000 0.000000 0.000000 1.000000
0.993145 0.104585 0.052193 -0.000000 -0.097537 0.987602 -0.123000 11.314000 -0.064410 0.117066 0.991033 0.660000 0.000000 0.000000 0.000000 1.000000
0.994346 0.094272 0.048877 0.000000 -0.087775 0.988724 -0.121331 11.314000 -0.059764 0.116354 0.991408 0.660000 0.000000 0.000000 0.000000 1.000000
0.995847 0.080536 0.042456 0.000000 -0.074953 0.989964 -0.119809 11.314000 -0.051679 0.116129 0.991889 0.660000 0.000000 0.000000 0.000000 1.000000
0.997345 0.064273 0.034237 0.000000 -0.059769 0.991048 -0.119384 11.314000 -0.041603 0.117020 0.992258 0.660000 0.000000 0.000000 0.000000 1.000000
0.998569 0.046720 0.026025 0.000000 -0.043336 0.992048 -0.118167 11.314000 -0.031338 0.116870 0.992653 0.660000 0.000000 0.000000 0.000000 1.000000
0.999386 0.029299 0.019220 0.000000 -0.026919 0.993095 -0.114179 11.314000 -0.022433 0.113592 0.993274 0.660000 0.000000 0.000000 0.000000 1.000000
0.999802 0.013400 0.014727 -0.000000 -0.011762 0.994278 -0.106169 11.314000 -0.016066 0.105975 0.994239 0.660000 0.000000 0.000000 0.000000 1.000000
0.999907 0.000004 0.013667 0.000000 0.001298 0.995454 -0.095231 11.314000 -0.013606 0.095240 0.995361 0.660000 0.000000 0.000000 0.000000 1.000000
0.999827 -0.009725 0.015846 0.000000 0.010999 0.996539 -0.082391 11.314000 -0.014989 0.082551 0.996474 0.660000 0.000000 0.000000 0.000000 1.000000
0.999689 -0.015958 0.019186 0.000000 0.017278 0.997345 -0.070749 11.314000 -0.018006 0.071058 0.997310 0.660000 0.000000 0.000000 0.000000 1.000000
0.999572 -0.019053 0.022177 0.000000 0.020396 0.997867 -0.062016 11.314000 -0.020948 0.062442 0.997829 0.660000 0.000000 0.000000 0.000000 1.000000
0.999517 -0.019486 0.024189 -0.000000 0.020818 0.998209 -0.056084 11.314000 -0.023053 0.056560 0.998133 0.660000 0.000000 0.000000 0.000000 1.000000
0.999523 -0.018095 0.025015 0.000000 0.019397 0.998416 -0.052809 11.314000 -0.024020 0.053269 0.998291 0.660000 0.000000 0.000000 0.000000 1.000000
0.999555 -0.015820 0.025299 0.000000 0.017093 0.998558 -0.050899 11.314000 -0.024457 0.051309 0.998383 0.660000 0.000000 0.000000 0.000000 1.000000
0.999595 -0.013017 0.025313 0.000000 0.014262 0.998666 -0.049620 11.314000 -0.024634 0.049961 0.998447 0.660000 0.000000 0.000000 0.000000 1.000000
